 1.15740741E-04  3.86228577E-02  5.70552303E-02  3.86228577E-01  5.70552303E-01
 3.47222222E-04  3.83241100E-02  5.66139082E-02  1.15271078E+00  1.70283047E+00
 8.10185185E-04  3.77128549E-02  5.57109377E-02  2.66122497E+00  3.93126798E+00
 1.73611111E-03  3.66448650E-02  5.41332603E-02  5.59281417E+00  8.26192880E+00
 3.58796296E-03  3.51910927E-02  5.19856898E-02  1.12233890E+01  1.65796392E+01
 7.29166667E-03  3.37333084E-02  4.98321925E-02  2.20180477E+01  3.25259408E+01
 1.46990741E-02  3.27003722E-02  4.83062979E-02  4.29462859E+01  6.34419714E+01
 2.95138889E-02  3.22132038E-02  4.75866332E-02  8.41791868E+01  1.24352862E+02
 5.91435185E-02  3.20566970E-02  4.73554351E-02  1.66244331E+02  2.45582776E+02
 1.18402778E-01  3.19932697E-02  4.72617377E-02  3.30049872E+02  4.87562873E+02
 2.36921296E-01  3.19440707E-02  4.71890589E-02  6.57157156E+02  9.70778836E+02
 4.73958333E-01  3.19055072E-02  4.71320914E-02  1.31058194E+03  1.93604407E+03
 9.48032407E-01  3.18845327E-02  4.71011071E-02  2.61657240E+03  3.86530541E+03
 1.89618056E+00  3.19262366E-02  4.71627137E-02  5.23196970E+03  7.72887492E+03
 2.89618056E+00  3.21346139E-02  4.74705370E-02  8.00840034E+03  1.18303293E+04
 3.89618056E+00  3.23482072E-02  4.77860655E-02  1.08032854E+04  1.59590454E+04
 4.89618056E+00  3.25380023E-02  4.80664385E-02  1.36145688E+04  2.01119857E+04
 5.89618056E+00  3.26881296E-02  4.82882126E-02  1.64388232E+04  2.42840872E+04
 6.89618056E+00  3.27919537E-02  4.84415856E-02  1.92720480E+04  2.84694402E+04
 7.89618056E+00  3.28496830E-02  4.85268657E-02  2.21102606E+04  3.26621614E+04
 8.89618056E+00  3.28650549E-02  4.85495738E-02  2.49498014E+04  3.68568446E+04
 9.89618056E+00  3.28431888E-02  4.85172722E-02  2.77874529E+04  4.10487369E+04
 1.08961806E+01  3.27894638E-02  4.84379075E-02  3.06204626E+04  4.52337721E+04
 1.18961806E+01  3.27089928E-02  4.83190325E-02  3.34465195E+04  4.94085365E+04
 1.28961806E+01  3.26064121E-02  4.81674962E-02  3.62637136E+04  5.35702082E+04
 1.38961806E+01  3.24858258E-02  4.79893613E-02  3.90704889E+04  5.77164890E+04
 1.48961806E+01  3.23508212E-02  4.77899270E-02  4.18655999E+04  6.18455387E+04
 1.58961806E+01  3.22045114E-02  4.75737925E-02  4.46480696E+04  6.59559144E+04
 1.68961806E+01  3.20495923E-02  4.73449397E-02  4.74171544E+04  7.00465172E+04
 1.78961806E+01  3.18883828E-02  4.71067945E-02  5.01723107E+04  7.41165442E+04
 1.88961806E+01  3.17228743E-02  4.68622988E-02  5.29131670E+04  7.81654468E+04
 1.98961806E+01  3.15547730E-02  4.66139728E-02  5.56394994E+04  8.21928941E+04
 2.00000000E+01  3.16343818E-02  4.67315741E-02  5.59232598E+04  8.26120763E+04
