 1.15741E-04   9.8060166E-02  6.6380660E-01  9.8060166E-01  3.3619340E-02  3.3619340E-01
 3.47222E-04   9.6329650E-02  1.9679908E+00  2.9071947E+00  3.4790792E-02  1.0320092E+00
 8.10185E-04   9.3508089E-02  4.4999582E+00  6.6475182E+00  3.6700814E-02  2.5000418E+00
 1.73611E-03   8.9523360E-02  9.3480998E+00  1.3809387E+01  3.9398229E-02  5.6519002E+00
 3.58796E-03   8.4898200E-02  1.8543432E+01  2.7393099E+01  4.2529176E-02  1.2456568E+01
 7.29167E-03   8.0683327E-02  3.6021069E+01  5.3211764E+01  4.5382384E-02  2.6978931E+01
 1.46991E-02   7.7825476E-02  6.9738206E+01  1.0302007E+02  4.7316972E-02  5.7261794E+01
 2.95139E-02   7.6486136E-02  1.3601197E+02  2.0092232E+02  4.8223622E-02  1.1898803E+02
 5.91435E-02   7.6045708E-02  2.6779625E+02  3.9559933E+02  4.8521765E-02  2.4320375E+02
 1.18403E-01   7.5871881E-02  5.3076235E+02  7.8406337E+02  4.8639435E-02  4.9223765E+02
 2.36921E-01   7.5747139E-02  1.0558298E+03  1.5597141E+03  4.8723878E-02  9.9117016E+02
 4.73958E-01   7.5649560E-02  2.1046120E+03  3.1090171E+03  4.8789933E-02  1.9903880E+03
 9.48032E-01   7.5570226E-02  4.1999767E+03  6.2043735E+03  4.8843636E-02  3.9910233E+03
 1.89618E+00   7.5397407E-02  8.3811223E+03  1.2380929E+04  4.8960625E-02  8.0018777E+03
 2.89618E+00   7.5049165E-02  1.2770557E+04  1.8865177E+04  4.9196363E-02  1.2252443E+04
 3.89618E+00   7.4506313E-02  1.7128241E+04  2.5302522E+04  4.9563840E-02  1.6534759E+04
 4.89618E+00   7.3785839E-02  2.1443786E+04  3.1677619E+04  5.0051556E-02  2.0859214E+04
 5.89618E+00   7.2919897E-02  2.5708685E+04  3.7977898E+04  5.0637745E-02  2.5234315E+04
 6.89618E+00   7.1943776E-02  2.9916493E+04  4.4193840E+04  5.1298519E-02  2.9666507E+04
 7.89618E+00   7.0890179E-02  3.4062679E+04  5.0318752E+04  5.2011739E-02  3.4160321E+04
 8.89618E+00   6.9786975E-02  3.8144341E+04  5.6348346E+04  5.2758540E-02  3.8718659E+04
 9.89618E+00   6.8656800E-02  4.2159902E+04  6.2280294E+04  5.3523598E-02  4.3343098E+04
 1.08962E+01   6.7517504E-02  4.6108829E+04  6.8113806E+04  5.4294831E-02  4.8034171E+04
 1.18962E+01   6.6382863E-02  4.9991393E+04  7.3849286E+04  5.5062912E-02  5.2791607E+04
 1.28962E+01   6.5263343E-02  5.3808480E+04  7.9488038E+04  5.5820759E-02  5.7614520E+04
 1.38962E+01   6.4166759E-02  5.7561430E+04  8.5032046E+04  5.6563078E-02  6.2501570E+04
 1.48962E+01   6.3098844E-02  6.1251920E+04  9.0483786E+04  5.7285990E-02  6.7451080E+04
 1.58962E+01   6.2063695E-02  6.4881867E+04  9.5846090E+04  5.7986722E-02  7.2461133E+04
 1.68962E+01   6.1064140E-02  6.8453353E+04  1.0112203E+05  5.8663359E-02  7.7529647E+04
 1.78962E+01   6.0102010E-02  7.1968566E+04  1.0631485E+05  5.9314661E-02  8.2654434E+04
 1.88962E+01   5.9178362E-02  7.5429758E+04  1.1142786E+05  5.9939914E-02  8.7833242E+04
 1.98962E+01   5.8293655E-02  7.8839205E+04  1.1646443E+05  6.0538806E-02  9.3063795E+04
 2.00000E+01   5.8203556E-02  7.9192625E+04  1.1698651E+05  6.0599797E-02  9.3607375E+04
